1420675200
1420689600
1420704000
1420747200
1421107200
1421193600
1421208000
1421222400
1421236800
1421251200
1421280000
1421294400
1421352000
1421366400
1421438400
1421452800
1421510400
1421625600
1421769600
1421784000
1421798400
1421870400
1421884800
1421899200
1422028800
1422043200
1422057600
1422115200
1422129600
1422144000
1422158400
1422172800
1422187200
1422201600
1422216000
1422230400
1422244800
1422259200
1422273600
1422288000
1422302400
1422316800
1422331200
1422345600
1422360000
1422374400
1422388800
1422403200
1422417600
1422432000
1422446400
1422460800
1422475200
1422489600
1422504000
1422518400
1422532800
1422547200
1422561600
1422576000
1422590400
1422604800
1422619200
1422633600
1422648000
1422662400
1422676800
1422691200
1422705600
1422720000
1422734400
1422748800
1422763200
1422777600
1422792000
1422806400
1422820800
1422835200
1422849600
1422864000
1422878400
1422892800
1422907200
1422921600
1422936000
1422950400
1422964800
1422979200
1422993600
1423008000
1423022400
1423036800
1423051200
1423065600
1423080000
1423094400
1423108800
1423123200
1423137600
1423152000
1423166400
1423180800
1423195200
1423209600
1423224000
1423238400
1423252800
1423267200
1423281600
1423296000
1423310400
1423324800
1423339200
1423353600
1423368000
1423382400
1423396800
1423411200
1423425600
1423440000
1423454400
1423468800
1423483200
1423497600
1423512000
1423526400
1423540800
1423555200
1423569600
1423584000
1423598400
1423612800
1423627200
1423641600
1423656000
1423670400
1423684800
1423699200
1423713600
1423728000
1423742400
1423756800
1423771200
1423785600
1423800000
1423814400
1423828800
1423843200
1423857600
1423872000
1423886400
1423900800
1423915200
1423929600
1423944000
1423958400
1423972800
1423987200
1424001600
1424016000
1424030400
1424044800
1424059200
1424073600
1424088000
1424102400
1424116800
1424131200
1424145600
1424160000
1424174400
1424188800
1424203200
1424217600
1424232000
1424246400
1424260800
1424275200
1424289600
1424304000
1424318400
1424332800
1424347200
1424361600
1424376000
1424390400
1424404800
1424419200
1424433600
1424448000
1424462400
1424476800
1424491200
1424505600
1424520000
1424534400
1424548800
1424563200
1424577600
1424592000
1424606400
1424620800
1424635200
1424649600
1424664000
1424678400
1424692800
1424707200
1424721600
1424736000
1424750400
1424764800
1424779200
1424793600
1424808000
1424822400
1424836800
1424851200
1424865600
1424880000
1424894400
1424908800
1424923200
1424937600
1424952000
1424966400
1424980800
1424995200
1425009600
1425024000
1425038400
1425052800
1425067200
1425081600
1425096000
1425110400
1425124800
1425139200
1425153600
1425168000
1425182400
1425196800
1425211200
1425225600
1425240000
1425254400
1425268800
1425283200
1425297600
1425312000
1425326400
1425340800
1425355200
1425369600
1425384000
1425398400
1425412800
1425427200
1425441600
1425456000
1425470400
1425484800
1425499200
1425513600
1425528000
1425542400
1425556800
1425571200
1425585600
1425600000
1425614400
1425628800
1425643200
1425657600
1425672000
1425686400
1425700800
1425715200
1425729600
1425744000
1425758400
1425772800
1425787200
1425801600
1425816000
1425830400
1425844800
1425859200
1425873600
1425888000
1425902400
1425916800
1425931200
1425945600
1425960000
1425974400
1425988800
1426003200
1426017600
1426032000
1426046400
1426060800
1426075200
1426089600
1426104000
1426118400
1426132800
1426147200
1426161600
1426176000
1426190400
1426204800
1426219200
1426233600
1426248000
1426262400
1426276800
1426291200
1426305600
1426320000
1426334400
1426348800
1426363200
1426377600
1426392000
1426406400
1426420800
1426435200
1426449600
1426464000
1426478400
1426492800
1426507200
1426521600
1426536000
1426550400
1426564800
1426579200
1426593600
1426608000
1426622400
1426636800
1426651200
1426665600
1426680000
1426694400
1426708800
1426723200
1426737600
1426752000
1426766400
1426780800
1426795200
1426809600
1426824000
1426838400
1426852800
1426867200
1426881600
1426896000
1426910400
1426924800
1426939200
1426953600
1426968000
1426982400
1426996800
1427011200
1427025600
1427040000
1427054400
1427068800
1427083200
1427097600
1427112000
1427126400
1427140800
1427155200
1427169600
1427184000
1427198400
1427212800
1427227200
1427241600
1427256000
1427270400
1427284800
1427299200
1427313600
1427328000
1427342400
1427356800
1427371200
1427385600
1427400000
1427414400
1427428800
1427443200
1427457600
1427472000
1427486400
1427500800
1427515200
1427529600
1427544000
1427558400
1427572800
1427587200
1427601600
1427616000
1427630400
1427644800
1427659200
1427673600
1427688000
1427702400
1427716800
1427731200
1427745600
1427760000
1427774400
1427788800
1427803200
1427817600
1427832000
1427846400
1427860800
1427875200
1427889600
1427904000
1427918400
1427932800
1427947200
1427961600
1427976000
1427990400
1428004800
1428019200
1428033600
1428048000
1428062400
1428076800
1428091200
1428105600
1428120000
1428134400
1428148800
1428163200
1428177600
1428192000
1428206400
1428220800
1428235200
1428249600
1428264000
1428278400
1428292800
1428307200
1428321600
1428336000
1428350400
1428364800
1428379200
1428393600
1428408000
1428422400
1428436800
1428451200
1428465600
1428480000
1428494400
1428508800
1428523200
1428537600
1428552000
1428566400
1428580800
1428595200
1428609600
1428624000
1428638400
1428652800
1428667200
1428681600
1428696000
1428710400
1428724800
1428739200
1428753600
1428768000
1428782400
1428796800
1428811200
1428825600
1428840000
1428854400
1428868800
1428883200
1428897600
1428912000
1428926400
1428940800
1428955200
1428969600
1428984000
1428998400
1429012800
1429027200
1429041600
1429056000
1429070400
1429084800
1429099200
1429113600
1429128000
1429142400
1429156800
1429171200
1429185600
1429200000
1429214400
1429228800
1429243200
1429257600
1429272000
1429286400
1429300800
1429315200
1429329600
1429344000
1429358400
1429372800
1429387200
1429401600
1429416000
1429430400
1429444800
1429459200
1429473600
1429488000
1429502400
1429516800
1429531200
1429545600
1429560000
1429574400
1429588800
1429603200
1429617600
1429632000
1429646400
1429660800
1429675200
1429689600
1429704000
1429718400
1429732800
1429747200
1429761600
1429776000
1429790400
1429804800
1429819200
1429833600
1429848000
1429862400
1429876800
1429891200
1429905600
1429920000
1429934400
1429948800
1429963200
1429977600
1429992000
1430006400
1430020800
1430035200
1430049600
1430064000
1430078400
1430092800
1430107200
1430121600
1430136000
1430150400
1430164800
1430179200
1430193600
1430208000
1430222400
1430236800
1430251200
1430265600
1430280000
1430294400
1430308800
1430323200
1430337600
1430352000
1430366400
1430380800
1430395200
1430409600
1430424000
1430438400
1430452800
1430467200
1430481600
1430496000
1430510400
1430524800
1430539200
1430553600
1430568000
1430582400
1430596800
1430611200
1430625600
1430640000
1430654400
1430668800
1430683200
1430697600
1430712000
1430726400
1430740800
1430755200
1430769600
1430784000
1430798400
1430812800
1430827200
1430841600
1430856000
1430870400
1430884800
1430899200
1430913600
1430928000
1430942400
1430956800
1430971200
1430985600
1431000000
1431014400
1431028800
1431043200
1431057600
1431072000
1431086400
1431100800
1431115200
1431129600
1431144000
1431158400
1431172800
1431187200
1431201600
1431216000
1431230400
1431244800
1431259200
1431273600
1431288000
1431302400
1431316800
1431331200
1431345600
1431360000
1431374400
1431388800
1431403200
1431417600
1431432000
1431446400
1431460800
1431475200
1431489600
1431504000
1431518400
1431532800
1431547200
1431561600
1431576000
1431590400
1431604800
1431619200
1431633600
1431648000
1431662400
1431676800
1431691200
1431705600
1431720000
1431734400
1431748800
1431763200
1431777600
1431792000
1431806400
1431820800
1431835200
1431849600
1431864000
1431878400
1431892800
1431907200
1431921600
1431936000
1431950400
1431964800
1431979200
1431993600
1432008000
1432022400
1432036800
1432051200
1432065600
1432080000
1432094400
1432108800
1432123200
1432137600
1432152000
1432166400
1432180800
1432195200
1432209600
1432224000
1432238400
1432252800
1432267200
1432281600
1432296000
1432310400
1432324800
1432339200
1432353600
1432368000
1432382400
1432396800
1432411200
1432425600
1432440000
1432454400
1432468800
1432483200
1432497600
1432512000
1432526400
1432540800
1432555200
1432569600
1432584000
1432598400
1432612800
1432627200
1432641600
1432656000
1432670400
1432684800
1432699200
1432713600
1432728000
1432742400
1432756800
1432771200
1432785600
1432800000
1432814400
1432828800
1432843200
1432857600
1432872000
1432886400
1432900800
1432915200
1432929600
1432944000
1432958400
1432972800
1432987200
1433001600
1433016000
1433030400
1433044800
1433059200
1433073600
1433088000
1433102400
1433116800
1433131200
1433145600
1433160000
1433174400
1433188800
1433203200
1433217600
1433232000
1433246400
1433260800
1433275200
1433289600
1433304000
1433318400
1433332800
1433347200
1433361600
1433376000
1433390400
1433404800
1433419200
1433433600
1433448000
1433462400
1433476800
1433491200
1433505600
1433520000
1433534400
1433548800
1433563200
1433577600
1433592000
1433606400
1433620800
1433635200
1433649600
1433664000
1433678400
1433692800
1433707200
1433721600
1433736000
1433750400
1433764800
1433779200
1433793600
1433808000
1433822400
1433836800
1433851200
1433865600
1433880000
1433894400
1433908800
1433923200
1433937600
1433952000
1433966400
1433980800
1433995200
1434009600
1434024000
1434038400
1434052800
1434067200
1434081600
1434096000
1434110400
1434124800
1434139200
1434153600
1434168000
1434182400
1434196800
1434211200
1434225600
1434240000
1434254400
1434268800
1434283200
1434297600
1434312000
1434326400
1434340800
1434355200
1434369600
1434384000
1434398400
1434412800
1434427200
1434441600
1434456000
1434470400
1434484800
1434499200
1434513600
1434528000
1434542400
1434556800
1434571200
1434585600
1434600000
1434614400
1434628800
1434643200
1434657600
1434672000
1434686400
1434700800
1434715200
1434729600
1434744000
1434758400
1434772800
1434787200
1434801600
1434816000
1434830400
1434844800
1434859200
1434873600
1434888000
1434902400
1434916800
1434931200
1434945600
1434960000
1434974400
1434988800
1435003200
1435017600
1435032000
1435046400
1435060800
1435075200
1435089600
1435104000
1435118400
1435132800
1435147200
1435161600
1435176000
1435190400
1435204800
1435219200
1435233600
1435248000
1435262400
1435276800
1435291200
1435305600
1435320000
1435334400
1435348800
1435363200
1435377600
1435392000
1435406400
1435420800
1435435200
1435449600
1435464000
1435478400
1435492800
1435507200
1435521600
1435536000
1435550400
1435564800
1435579200
1435593600
1435608000
1435622400
1435636800
1435651200
1435665600
1435680000
1435694400
1435708800
1435723200
1435737600
1435752000
1435766400
1435780800
1435795200
1435809600
1435824000
1435838400
1435852800
1435867200
1435881600
1435896000
1435910400
1435924800
1435939200
1435953600
1435968000
1435982400
1435996800
1436011200
1436025600
1436040000
1436054400
1436068800
1436083200
1436097600
1436112000
1436126400
1436140800
1436155200
1436169600
1436184000
1436198400
1436212800
1436227200
1436241600
1436256000
1436270400
1436284800
1436299200
1436313600
1436328000
1436342400
1436356800
1436371200
1436385600
1436400000
1436414400
1436428800
1436443200
1436457600
1436472000
1436486400
1436500800
1436515200
1436529600
1436544000
1436558400
1436572800
1436587200
1436601600
1436616000
1436630400
1436644800
1436659200
1436673600
1436688000
1436702400
1436716800
1436731200
1436745600
1436760000
1436774400
1436788800
1436803200
1436817600
1436832000
1436846400
1436860800
1436875200
1436889600
1436904000
1436918400
1436932800
1436947200
1436961600
1436976000
1436990400
1437004800
1437019200
1437033600
1437048000
1437062400
1437076800
1437091200
1437105600
1437120000
1437134400
1437148800
1437163200
1437177600
1437192000
1437206400
1437220800
1437235200
1437249600
1437264000
1437278400
1437292800
1437307200
1437321600
1437336000
1437350400
1437364800
1437379200
1437393600
1437408000
1437422400
1437436800
1437451200
1437465600
1437480000
1437494400
1437508800
1437523200
1437537600
1437552000
1437566400
1437580800
1437595200
1437609600
1437624000
1437638400
1437652800
1437667200
1437681600
1437696000
1437710400
1437724800
1437739200
1437753600
1437768000
1437782400
1437796800
1437811200
1437825600
1437840000
1437854400
1437868800
1437883200
1437897600
1437912000
1437926400
1437940800
1437955200
1437969600
1437984000
1437998400
1438012800
1438027200
1438041600
1438056000
1438070400
1438084800
1438099200
1438113600
1438128000
1438142400
1438156800
1438171200
1438185600
1438200000
1438214400
1438228800
1438243200
1438257600
1438272000
1438286400
1438300800
1438315200
1438329600
1438344000
1438358400
1438372800
1438387200
1438401600
1438416000
1438430400
1438444800
1438459200
1438473600
1438488000
1438502400
1438516800
1438531200
1438545600
1438560000
1438574400
1438588800
1438603200
1438617600
1438632000
1438646400
1438660800
1438675200
1438689600
1438704000
1438718400
1438732800
1438747200
1438761600
1438776000
1438790400
1438804800
1438819200
1438833600
1438848000
1438862400
1438876800
1438891200
1438905600
1438920000
1438934400
1438948800
1438963200
1438977600
1438992000
1439006400
1439020800
1439035200
1439049600
1439064000
1439078400
1439092800
1439107200
1439121600
1439136000
1439150400
1439164800
1439179200
1439193600
1439208000
1439222400
1439236800
1439251200
1439265600
1439280000
1439294400
1439308800
1439323200
1439337600
1439352000
1439366400
1439380800
1439395200
1439409600
1439424000
1439438400
1439452800
1439467200
1439481600
1439496000
1439510400
1439524800
1439539200
1439553600
1439568000
1439582400
1439596800
1439611200
1439625600
1439640000
1439654400
1439668800
1439683200
1439697600
1439712000
1439726400
1439740800
1439755200
1439769600
1439784000
1439798400
1439812800
1439827200
1439841600
1439856000
1439870400
1439884800
1439899200
1439913600
1439928000
1439942400
1439956800
1439971200
1439985600
1440000000
1440014400
1440028800
1440043200
1440057600
1440072000
1440086400
1440100800
1440115200
1440129600
1440144000
1440158400
1440172800
1440187200
1440201600
1440216000
1440230400
1440244800
1440259200
1440273600
1440288000
1440302400
1440316800
1440331200
1440345600
1440360000
1440374400
1440388800
1440403200
1440417600
1440432000
1440446400
1440460800
1440475200
1440489600
1440504000
1440518400
1440532800
1440547200
1440561600
1440576000
1440590400
1440604800
1440619200
1440633600
1440648000
1440662400
1440676800
1440691200
1440705600
1440720000
1440734400
1440748800
1440763200
1440777600
1440792000
1440806400
1440820800
1440835200
1440849600
1440864000
1440878400
1440892800
1440907200
1440921600
1440936000
1440950400
1440964800
1440979200
1440993600
1441008000
1441022400
1441036800
1441051200
1441065600
1441080000
1441094400
1441108800
1441123200
1441137600
1441152000
1441166400
1441180800
1441195200
1441209600
1441224000
1441238400
1441252800
1441267200
1441281600
1441296000
1441310400
1441324800
1441339200
1441353600
1441368000
1441382400
1441396800
1441411200
1441425600
1441440000
1441454400
1441468800
1441483200
1441497600
1441512000
1441526400
1441540800
1441555200
1441569600
1441584000
1441598400
1441612800
1441627200
1441641600
1441656000
1441670400
1441684800
1441699200
1441713600
1441728000
1441742400
1441756800
1441771200
1441785600
1441800000
1441814400
1441828800
1441843200
1441857600
1441872000
1441886400
1441900800
1441915200
1441929600
1441944000
1441958400
1441972800
1441987200
1442001600
1442016000
1442030400
1442044800
1442059200
1442073600
1442088000
1442102400
1442116800
1442131200
1442145600
1442160000
1442174400
1442188800
1442203200
1442217600
1442232000
1442246400
1442260800
1442275200
1442289600
1442304000
1442318400
1442332800
1442347200
1442361600
1442376000
1442390400
1442404800
1442419200
1442433600
1442448000
1442462400
1442476800
1442491200
1442505600
1442520000
1442534400
1442548800
1442563200
1442577600
1442592000
1442606400
1442620800
1442635200
1442649600
1442664000
1442678400
1442692800
1442707200
1442721600
1442736000
1442750400
1442764800
1442779200
1442793600
1442808000
1442822400
1442836800
1442851200
1442865600
1442880000
1442894400
1442908800
1442923200
1442937600
1442952000
1442966400
1442980800
1442995200
1443009600
1443024000
1443038400
1443052800
1443067200
1443081600
1443096000
1443110400
1443124800
1443139200
1443153600
1443168000
1443182400
1443196800
1443211200
1443225600
1443240000
1443254400
1443268800
1443283200
1443297600
1443312000
1443326400
1443340800
1443355200
1443369600
1443384000
1443398400
1443412800
1443427200
1443441600
1443456000
1443470400
1443484800
1443499200
1443513600
1443528000
1443542400
1443556800
1443571200
1443585600
1443600000
1443614400
1443628800
1443643200
1443657600
1443672000
1443686400
1443700800
1443715200
1443729600
1443744000
1443758400
1443772800
1443787200
1443801600
1443816000
1443830400
1443844800
1443859200
1443873600
1443888000
1443902400
1443916800
1443931200
1443945600
1443960000
1443974400
1443988800
1444003200
1444017600
1444032000
1444046400
1444060800
1444075200
1444089600
1444104000
1444118400
1444132800
1444147200
1444161600
1444176000
1444190400
1444204800
1444219200
1444233600
1444248000
1444262400
1444276800
1444291200
1444305600
1444320000
1444334400
1444348800
1444363200
1444377600
1444392000
1444406400
1444420800
1444435200
1444449600
1444464000
1444478400
1444492800
1444507200
1444521600
1444536000
1444550400
1444564800
1444579200
1444593600
1444608000
1444622400
1444636800
1444651200
1444665600
1444680000
1444694400
1444708800
1444723200
1444737600
1444752000
1444766400
1444780800
1444795200
1444809600
1444824000
1444838400
1444852800
1444867200
1444881600
1444896000
1444910400
1444924800
1444939200
1444953600
1444968000
1444982400
1444996800
1445011200
1445025600
1445040000
1445054400
1445068800
1445083200
1445097600
1445112000
1445126400
1445140800
1445155200
1445169600
1445184000
1445198400
1445212800
1445227200
1445241600
1445256000
1445270400
1445284800
1445299200
1445313600
1445328000
1445342400
1445356800
1445371200
1445385600
1445400000
1445414400
1445428800
1445443200
1445457600
1445472000
1445486400
1445500800
1445515200
1445529600
1445544000
1445558400
1445572800
1445587200
1445601600
1445616000
1445630400
1445644800
1445659200
1445673600
1445688000
1445702400
1445716800
1445731200
1445745600
1445760000
1445774400
1445788800
1445803200
1445817600
1445832000
1445846400
1445860800
1445875200
1445889600
1445904000
1445918400
1445932800
1445947200
1445961600
1445976000
1445990400
1446004800
1446019200
1446033600
1446048000
1446062400
1446076800
1446091200
1446105600
1446120000
1446134400
1446148800
1446163200
1446177600
1446192000
1446206400
1446220800
1446235200
1446249600
1446264000
1446278400
1446292800
1446307200
1446321600
1446336000
1446350400
1446364800
1446379200
1446393600
1446408000
1446422400
1446436800
1446451200
1446465600
1446480000
1446494400
1446508800
1446523200
1446537600
1446552000
1446566400
1446580800
1446595200
1446609600
1446624000
1446638400
1446652800
1446667200
1446681600
1446696000
1446710400
1446724800
1446739200
1446753600
1446768000
1446782400
1446796800
1446811200
1446825600
1446840000
1446854400
1446868800
1446883200
1446897600
1446912000
1446926400
1446940800
1446955200
1446969600
1446984000
1446998400
1447012800
1447027200
1447041600
1447056000
1447070400
1447084800
1447099200
1447113600
1447128000
1447142400
1447156800
1447171200
1447185600
1447200000
1447214400
1447228800
1447243200
1447257600
1447272000
1447286400
1447300800
1447315200
1447329600
1447344000
1447358400
1447372800
1447387200
1447401600
1447416000
1447430400
1447444800
1447459200
1447473600
1447488000
1447502400
1447516800
1447531200
1447545600
1447560000
1447574400
1447588800
1447603200
1447617600
1447632000
1447646400
1447660800
1447675200
1447689600
1447704000
1447718400
1447732800
1447747200
1447761600
1447776000
1447790400
1447804800
1447819200
1447833600
1447848000
1447862400
1447876800
1447891200
1447905600
1447920000
1447934400
1447948800
1447963200
1447977600
1447992000
1448006400
1448020800
1448035200
1448049600
1448064000
1448078400
1448092800
1448107200
1448121600
1448136000
1448150400
1448164800
1448179200
1448193600
1448208000
1448222400
1448236800
1448251200
1448265600
1448280000
1448294400
1448308800
1448323200
1448337600
1448352000
1448366400
1448380800
1448395200
1448409600
1448424000
1448438400
1448452800
1448467200
1448481600
1448496000
1448510400
1448524800
1448539200
1448553600
1448568000
1448582400
1448596800
1448611200
1448625600
1448640000
1448654400
1448668800
1448683200
1448697600
1448712000
1448726400
1448740800
1448755200
1448769600
1448784000
1448798400
1448812800
1448827200
1448841600
1448856000
1448870400
1448884800
1448899200
1448913600
1448928000
1448942400
1448956800
1448971200
1448985600
1449000000
1449014400
1449028800
1449043200
1449057600
1449072000
1449086400
1449100800
1449115200
1449129600
1449144000
1449158400
1449172800
1449187200
1449201600
1449216000
1449230400
1449244800
1449259200
1449273600
1449288000
1449302400
1449316800
1449331200
1449345600
1449360000
1449374400
1449388800
1449403200
1449417600
1449432000
1449446400
1449460800
1449475200
1449489600
1449504000
1449518400
1449532800
1449547200
1449561600
1449576000
1449590400
1449604800
1449619200
1449633600
1449648000
1449662400
1449676800
1449691200
1449705600
1449720000
1449734400
1449748800
1449763200
1449777600
1449792000
1449806400
1449820800
1449835200
1449849600
1449864000
1449878400
1449892800
1449907200
1449921600
1449936000
1449950400
1449964800
1449979200
1449993600
1450008000
1450022400
1450036800
1450051200
1450065600
1450080000
1450094400
1450108800
1450123200
1450137600
1450152000
1450166400
1450180800
1450195200
1450209600
1450224000
1450238400
1450252800
1450267200
1450281600
1450296000
1450310400
1450324800
1450339200
1450353600
1450368000
1450382400
1450396800
1450411200
1450425600
1450440000
1450454400
1450468800
1450483200
1450497600
1450512000
1450526400
1450540800
1450555200
1450569600
1450584000
1450598400
1450612800
1450627200
1450641600
1450656000
1450670400
1450684800
1450699200
1450713600
1450728000
1450742400
1450756800
1450771200
1450785600
1450800000
1450814400
1450828800
1450843200
1450857600
1450872000
1450886400
1450900800
1450915200
1450929600
1450944000
1450958400
1450972800
1450987200
1451001600
1451016000
1451030400
1451044800
1451059200
1451073600
1451088000
1451102400
1451116800
1451131200
1451145600
1451160000
1451174400
1451188800
1451203200
1451217600
1451232000
1451246400
1451260800
1451275200
1451289600
1451304000
1451318400
1451332800
1451347200
1451361600
1451376000
1451390400
1451404800
1451419200
1451433600
1451448000
1451462400
1451476800
1451491200
1451505600
1451520000
1451534400
1451548800
1451563200
1451577600
1451592000
1451606400
1451620800
1451635200
1451649600
1451664000
1451678400
1451692800
1451707200
1451721600
1451736000
1451750400
1451764800
1451779200
1451793600
1451808000
1451822400
1451836800
1451851200
1451865600
1451880000
1451894400
1451908800
1451923200
1451937600
1451952000
1451966400
1451980800
1451995200
1452009600
1452024000
1452038400
1452052800
1452067200
1452081600
1452096000
1452110400
1452124800
1452139200
1452153600
1452168000
1452182400
1452196800
1452211200
1452225600
1452240000
1452254400
1452268800
1452283200
1452297600
1452312000
1452326400
1452340800
1452355200
1452369600
1452384000
1452398400
1452412800
1452427200
1452441600
1452456000
1452470400
1452484800
1452499200
1452513600
1452528000
1452542400
1452556800
1452571200
1452585600
1452600000
1452614400
1452628800
1452643200
1452657600
1452672000
1452686400
1452700800
1452715200
1452729600
1452744000
1452758400
1452772800
1452787200
1452801600
1452816000
1452830400
1452844800
1452859200
1452873600
1452888000
1452902400
1452916800
1452931200
1452945600
1452960000
1452974400
1452988800
1453003200
1453017600
1453032000
1453046400
1453060800
1453075200
1453089600
1453104000
1453118400
1453132800
1453147200
1453161600
1453176000
1453190400
1453204800
1453219200
1453233600
1453248000
1453262400
1453276800
1453291200
1453305600
1453320000
1453334400
1453348800
1453363200
1453377600
1453392000
1453406400
1453420800
1453435200
1453449600
1453464000
1453478400
1453492800
1453507200
1453521600
1453536000
1453550400
1453564800
1453579200
1453593600
1453608000
1453622400
1453636800
1453651200
1453665600
1453680000
1453694400
1453708800
1453723200
1453737600
1453752000
1453766400
1453780800
1453795200
1453809600
1453824000
1453838400
1453852800
1453867200
1453881600
1453896000
1453910400
1453924800
1453939200
1453953600
1453968000
1453982400
1453996800
1454011200
1454025600
1454040000
1454054400
1454068800
1454083200
1454097600
1454112000
1454126400
1454140800
1454155200
1454169600
1454184000
1454198400
1454212800
1454227200
1454241600
1454256000
1454270400
1454284800
1454299200
1454313600
1454328000
1454342400
1454356800
1454371200
1454385600
1454400000
1454414400
1454428800
1454443200
1454457600
1454472000
1454486400
1454500800
1454515200
1454529600
1454544000
1454558400
1454572800
1454587200
1454601600
1454616000
1454630400
1454644800
1454659200
1454673600
1454688000
1454702400
1454716800
1454731200
1454745600
1454760000
1454774400
1454788800
1454803200
1454817600
1454832000
1454846400
1454860800
1454875200
1454889600
1454904000
1454918400
1454932800
1454947200
1454961600
1454976000
1454990400
1455004800
1455019200
1455033600
1455048000
1455062400
1455076800
1455091200
1455105600
1455120000
1455134400
1455148800
1455163200
1455177600
1455192000
1455206400
1455220800
1455235200
1455249600
1455264000
1455278400
1455292800
1455307200
1455321600
1455336000
1455350400
1455364800
1455379200
1455393600
1455408000
1455422400
1455436800
1455451200
1455465600
1455480000
1455494400
1455508800
1455523200
1455537600
1455552000
1455566400
1455580800
1455595200
1455609600
1455624000
1455638400
1455652800
1455667200
1455681600
1455696000
1455710400
1455724800
1455739200
1455753600
1455768000
1455782400
1455796800
1455811200
1455825600
1455840000
1455854400
1455868800
1455883200
1455897600
1455912000
1455926400
1455940800
1455955200
1455969600
1455984000
1455998400
1456012800
1456027200
1456041600
1456056000
1456070400
1456084800
1456099200
1456113600
1456128000
1456142400
1456156800
1456171200
1456185600
1456200000
1456214400
1456228800
1456243200
1456257600
1456272000
1456286400
1456300800
1456315200
1456329600
1456344000
1456358400
1456372800
1456387200
1456401600
1456416000
1456430400
1456444800
1456459200
1456473600
1456488000
1456502400
1456516800
1456531200
1456545600
1456560000
1456574400
1456588800
1456603200
1456617600
1456632000
1456646400
1456660800
1456675200
1456689600
1456704000
1456718400
1456732800
1456747200
1456761600
1456776000
1456790400
1456804800
1456819200
1456833600
1456848000
1456862400
1456876800
1456891200
1456905600
1456920000
1456934400
1456948800
1456963200
1456977600
1456992000
1457006400
1457020800
1457035200
1457049600
1457064000
1457078400
1457092800
1457107200
1457121600
1457136000
1457150400
1457164800
1457179200
1457193600
1457208000
1457222400
1457236800
1457251200
1457265600
1457280000
1457294400
1457308800
1457323200
1457337600
1457352000
1457366400
1457380800
1457395200
1457409600
1457424000
1457438400
1457452800
1457467200
1457481600
1457496000
1457510400
1457524800
1457539200
1457553600
1457568000
1457582400
1457596800
1457611200
1457625600
1457640000
1457654400
1457668800
1457683200
1457697600
1457712000
1457726400
1457740800
1457755200
1457769600
1457784000
1457798400
1457812800
1457827200
1457841600
1457856000
1457870400
1457884800
1457899200
1457913600
1457928000
1457942400
1457956800
1457971200
1457985600
1458000000
1458014400
1458028800
1458043200
1458057600
1458072000
1458086400
1458100800
1458115200
1458129600
1458144000
1458158400
1458172800
1458187200
1458201600
1458216000
1458230400
1458244800
1458259200
1458273600
1458288000
1458302400
1458316800
1458331200
1458345600
1458360000
1458374400
1458388800
1458403200
1458417600
1458432000
1458446400
1458460800
1458475200
1458489600
1458504000
1458518400
1458532800
1458547200
1458561600
1458576000
1458590400
1458604800
1458619200
1458633600
1458648000
1458662400
1458676800
1458691200
1458705600
1458720000
1458734400
1458748800
1458763200
1458777600
1458792000
1458806400
1458820800
1458835200
1458849600
1458864000
1458878400
1458892800
1458907200
1458921600
1458936000
1458950400
1458964800
1458979200
1458993600
1459008000
1459022400
1459036800
1459051200
1459065600
1459080000
1459094400
1459108800
1459123200
1459137600
1459152000
1459166400
1459180800
1459195200
1459209600
1459224000
1459238400
1459252800
1459267200
1459281600
1459296000
1459310400
1459324800
1459339200
1459353600
1459368000
1459382400
1459396800
1459411200
1459425600
1459440000
1459454400
1459468800
1459483200
1459497600
1459512000
1459526400
1459540800
1459555200
1459569600
1459584000
1459598400
1459612800
1459627200
1459641600
1459656000
1459670400
1459684800
1459699200
1459713600
1459728000
1459742400
1459756800
1459771200
1459785600
1459800000
1459814400
1459828800
1459843200
1459857600
1459872000
1459886400
1459900800
1459915200
1459929600
1459944000
1459958400
1459972800
1459987200
1460001600
1460016000
1460030400
1460044800
1460059200
1460073600
1460088000
1460102400
1460116800
1460131200
1460145600
1460160000
1460174400
1460188800
1460203200
1460217600
1460232000
1460246400
1460260800
1460275200
1460289600
1460304000
1460318400
1460332800
1460347200
1460361600
1460376000
1460390400
1460404800
1460419200
1460433600
1460448000
1460462400
1460476800
1460491200
1460505600
1460520000
1460534400
1460548800
1460563200
1460577600
1460592000
1460606400
1460620800
1460635200
1460649600
1460664000
1460678400
1460692800
1460707200
1460721600
1460736000
1460750400
1460764800
1460779200
1460793600
1460808000
1460822400
1460836800
1460851200
1460865600
1460880000
1460894400
1460908800
1460923200
1460937600
1460952000
1460966400
1460980800
1460995200
1461009600
1461024000
1461038400
1461052800
1461067200
1461081600
1461096000
1461110400
1461124800
1461139200
1461153600
1461168000
1461182400
1461196800
1461211200
1461225600
1461240000
1461254400
1461268800
1461283200
1461297600
1461312000
1461326400
1461340800
1461355200
1461369600
1461384000
1461398400
1461412800
1461427200
1461441600
1461456000
1461470400
1461484800
1461499200
1461513600
1461528000
1461542400
1461556800
1461571200
1461585600
1461600000
1461614400
1461628800
1461643200
1461657600
1461672000
1461686400
1461700800
1461715200
1461729600
1461744000
1461758400
1461772800
1461787200
1461801600
1461816000
1461830400
1461844800
1461859200
1461873600
1461888000
1461902400
1461916800
1461931200
1461945600
1461960000
1461974400
1461988800
1462003200
1462017600
1462032000
1462046400
1462060800
1462075200
1462089600
1462104000
1462118400
1462132800
1462147200
1462161600
1462176000
1462190400
1462204800
1462219200
1462233600
1462248000
1462262400
1462276800
1462291200
1462305600
1462320000
1462334400
1462348800
1462363200
1462377600
1462392000
1462406400
1462420800
1462435200
1462449600
1462464000
1462478400
1462492800
1462507200
1462521600
1462536000
1462550400
1462564800
1462579200
1462593600
1462608000
1462622400
1462636800
1462651200
1462665600
1462680000
1462694400
1462708800
1462723200
1462737600
1462752000
1462766400
1462780800
1462795200
1462809600
1462824000
1462838400
1462852800
1462867200
1462881600
1462896000
1462910400
1462924800
1462939200
1462953600
1462968000
1462982400
1462996800
1463011200
1463025600
1463040000
1463054400
1463068800
1463083200
1463097600
1463112000
1463126400
1463140800
1463155200
1463169600
1463184000
1463198400
1463212800
1463227200
1463241600
1463256000
1463270400
1463284800
1463299200
1463313600
1463328000
1463342400
1463356800
1463371200
1463385600
1463400000
1463414400
1463428800
1463443200
1463457600
1463472000
1463486400
1463500800
1463515200
1463529600
1463544000
1463558400
1463572800
1463587200
1463601600
1463616000
1463630400
1463644800
1463659200
1463673600
1463688000
1463702400
1463716800
1463731200
1463745600
1463760000
1463774400
1463788800
1463803200
1463817600
1463832000
1463846400
1463860800
1463875200
1463889600
1463904000
1463918400
1463932800
1463947200
1463961600
1463976000
1463990400
1464004800
1464019200
1464033600
1464048000
1464062400
1464076800
1464091200
1464105600
1464120000
1464134400
1464148800
1464163200
1464177600
1464192000
1464206400
1464220800
1464235200
1464249600
1464264000
1464278400
1464292800
1464307200
1464321600
1464336000
1464350400
1464364800
1464379200
1464393600
1464408000
1464422400
1464436800
1464451200
1464465600
1464480000
1464494400
1464508800
1464523200
1464537600
1464552000
1464566400
1464580800
1464595200
1464609600
1464624000
1464638400
1464652800
1464667200
1464681600
1464696000
1464710400
1464724800
1464739200
1464753600
1464768000
1464782400
1464796800
1464811200
1464825600
1464840000
1464854400
1464868800
1464883200
1464897600
1464912000
1464926400
1464940800
1464955200
1464969600
1464984000
1464998400
1465012800
1465027200
1465041600
1465056000
1465070400
1465084800
1465099200
1465113600
1465128000
1465142400
1465156800
1465171200
1465185600
1465200000
1465214400
1465228800
1465243200
1465257600
1465272000
1465286400
1465300800
1465315200
1465329600
1465344000
1465358400
1465372800
1465387200
1465401600
1465416000
1465430400
1465444800
1465459200
1465473600
1465488000
1465502400
1465516800
1465531200
1465545600
1465560000
1465574400
1465588800
1465603200
1465617600
1465632000
1465646400
1465660800
1465675200
1465689600
1465704000
1465718400
1465732800
1465747200
1465761600
1465776000
1465790400
1465804800
1465819200
1465833600
1465848000
1465862400
1465876800
1465891200
1465905600
1465920000
1465934400
1465948800
1465963200
1465977600
1465992000
1466006400
1466020800
1466035200
1466049600
1466064000
1466078400
1466092800
1466107200
1466121600
1466136000
1466150400
1466164800
1466179200
1466193600
1466208000
1466222400
1466236800
1466251200
1466265600
1466280000
1466294400
1466308800
1466323200
1466337600
1466352000
1466366400
1466380800
1466395200
1466409600
1466424000
1466438400
1466452800
1466467200
1466481600
1466496000
1466510400
1466524800
1466539200
1466553600
1466568000
1466582400
1466596800
1466611200
1466625600
1466640000
1466654400
1466668800
1466683200
1466697600
1466712000
1466726400
1466740800
1466755200
1466769600
1466784000
1466798400
1466812800
1466827200
1466841600
1466856000
1466870400
1466884800
1466899200
1466913600
1466928000
1466942400
1466956800
1466971200
1466985600
1467000000
1467014400
1467028800
1467043200
1467057600
1467072000
1467086400
1467100800
1467115200
1467129600
1467144000
1467158400
1467172800
1467187200
1467201600
1467216000
1467230400
1467244800
1467259200
1467273600
1467288000
1467302400
1467316800
1467331200
1467345600
1467360000
1467374400
1467388800
1467403200
1467417600
1467432000
1467446400
1467460800
1467475200
1467489600
1467504000
1467518400
1467532800
1467547200
1467561600
1467576000
1467590400
1467604800
1467619200
1467633600
1467648000
1467662400
1467676800
1467691200
1467705600
1467720000
1467734400
1467748800
1467763200
1467777600
1467792000
1467806400
1467820800
1467835200
1467849600
1467864000
1467878400
1467892800
1467907200
1467921600
1467936000
1467950400
1467964800
1467979200
1467993600
1468008000
1468022400
1468036800
1468051200
1468065600
1468080000
1468094400
1468108800
1468123200
1468137600
1468152000
1468166400
1468180800
1468195200
1468209600
1468224000
1468238400
1468252800
1468267200
1468281600
1468296000
1468310400
1468324800
1468339200
1468353600
1468368000
1468382400
1468396800
1468411200
1468425600
1468440000
1468454400
1468468800
1468483200
1468497600
1468512000
1468526400
1468540800
1468555200
1468569600
1468584000
1468598400
1468612800
1468627200
1468641600
1468656000
1468670400
1468684800
1468699200
1468713600
1468728000
1468742400
1468756800
1468771200
1468785600
1468800000
1468814400
1468828800
1468843200
1468857600
1468872000
1468886400
1468900800
1468915200
1468929600
1468944000
1468958400
1468972800
1468987200
1469001600
1469016000
1469030400
1469044800
1469059200
1469073600
1469088000
1469102400
1469116800
1469131200
1469145600
1469160000
1469174400
1469188800
1469203200
1469217600
1469232000
1469246400
1469260800
1469275200
1469289600
1469304000
1469318400
1469332800
1469347200
1469361600
1469376000
1469390400
1469404800
1469419200
1469433600
1469448000
1469462400
1469476800
1469491200
1469505600
1469520000
1469534400
1469548800
1469563200
1469577600
1469592000
1469606400
1469620800
1469635200
1469649600
1469664000
1469678400
1469692800
1469707200
1469721600
1469736000
1469750400
1469764800
1469779200
1469793600
1469808000
1469822400
1469836800
1469851200
1469865600
1469880000
1469894400
1469908800
1469923200
1469937600
1469952000
1469966400
1469980800
1469995200
1470009600
1470024000
1470038400
1470052800
1470067200
1470081600
1470096000
1470110400
1470124800
1470139200
1470153600
1470168000
1470182400
1470196800
1470211200
1470225600
1470240000
1470254400
1470268800
1470283200
1470297600
1470312000
1470326400
1470340800
1470355200
1470369600
1470384000
1470398400
1470412800
1470427200
1470441600
1470456000
1470470400
1470484800
1470499200
1470513600
1470528000
1470542400
1470556800
1470571200
1470585600
1470600000
1470614400
1470628800
1470643200
1470657600
1470672000
1470686400
1470700800
1470715200
1470729600
1470744000
1470758400
1470772800
1470787200
1470801600
1470816000
1470830400
1470844800
1470859200
1470873600
1470888000
1470902400
1470916800
1470931200
1470945600
1470960000
1470974400
1470988800
1471003200
1471017600
1471032000
1471046400
1471060800
1471075200
1471089600
1471104000
1471118400
1471132800
1471147200
1471161600
1471176000
1471190400
1471204800
1471219200
1471233600
1471248000
1471262400
1471276800
1471291200
1471305600
1471320000
1471334400
1471348800
1471363200
1471377600
1471392000
1471406400
1471420800
1471435200
1471449600
1471464000
1471478400
1471492800
1471507200
1471521600
1471536000
1471550400
1471564800
1471579200
1471593600
1471608000
1471622400
1471636800
1471651200
1471665600
1471680000
1471694400
1471708800
1471723200
1471737600
1471752000
1471766400
1471780800
1471795200
1471809600
1471824000
1471838400
1471852800
1471867200
1471881600
1471896000
1471910400
1471924800
1471939200
1471953600
1471968000
1471982400
1471996800
1472011200
1472025600
1472040000
1472054400
1472068800
1472083200
1472097600
1472112000
1472126400
1472140800
1472155200
1472169600
1472184000
1472198400
1472212800
1472227200
1472241600
1472256000
1472270400
1472284800
1472299200
1472313600
1472328000
1472342400
1472356800
1472371200
1472385600
1472400000
1472414400
1472428800
1472443200
1472457600
1472472000
1472486400
1472500800
1472515200
1472529600
1472544000
1472558400
1472572800
1472587200
1472601600
1472616000
1472630400
1472644800
1472659200
1472673600
1472688000
1472702400
1472716800
1472731200
1472745600
1472760000
1472774400
1472788800
1472803200
1472817600
1472832000
1472846400
1472860800
1472875200
1472889600
1472904000
1472918400
1472932800
1472947200
1472961600
1472976000
1472990400
1473004800
1473019200
1473033600
1473048000
1473062400
1473076800
1473091200
1473105600
1473120000
1473134400
1473148800
1473163200
1473177600
1473192000
1473206400
1473220800
1473235200
1473249600
1473264000
1473278400
1473292800
1473307200
1473321600
1473336000
1473350400
1473364800
1473379200
1473393600
1473408000
1473422400
1473436800
1473451200
1473465600
1473480000
1473494400
1473508800
1473523200
1473537600
1473552000
1473566400
1473580800
1473595200
1473609600
1473624000
1473638400
1473652800
1473667200
1473681600
1473696000
1473710400
1473724800
1473739200
1473753600
1473768000
1473782400
1473796800
1473811200
1473825600
1473840000
1473854400
1473868800
1473883200
1473897600
1473912000
1473926400
1473940800
1473955200
1473969600
1473984000
1473998400
1474012800
1474027200
1474041600
1474056000
1474070400
1474084800
1474099200
1474113600
1474128000
1474142400
1474156800
1474171200
1474185600
1474200000
1474214400
1474228800
1474243200
1474257600
1474272000
1474286400
1474300800
1474315200
1474329600
1474344000
1474358400
1474372800
1474387200
1474401600
1474416000
1474430400
1474444800
1474459200
1474473600
1474488000
1474502400
1474516800
1474531200
1474545600
1474560000
1474574400
1474588800
1474603200
1474617600
1474632000
1474646400
1474660800
1474675200
1474689600
1474704000
1474718400
1474732800
1474747200
1474761600
1474776000
1474790400
1474804800
1474819200
1474833600
1474848000
1474862400
1474876800
1474891200
1474905600
1474920000
1474934400
1474948800
1474963200
1474977600
1474992000
1475006400
1475020800
1475035200
1475049600
1475064000
1475078400
1475092800
1475107200
1475121600
1475136000
1475150400
1475164800
1475179200
1475193600
1475208000
1475222400
1475236800
1475251200
1475265600
1475280000
1475294400
1475308800
1475323200
1475337600
1475352000
1475366400
1475380800
1475395200
1475409600
1475424000
1475438400
1475452800
1475467200
1475481600
1475496000
1475510400
1475524800
1475539200
1475553600
1475568000
1475582400
1475596800
1475611200
1475625600
1475640000
1475654400
1475668800
1475683200
1475697600
1475712000
1475726400
1475740800
1475755200
1475769600
1475784000
1475798400
1475812800
1475827200
1475841600
1475856000
1475870400
1475884800
1475899200
1475913600
1475928000
1475942400
1475956800
1475971200
1475985600
1476000000
1476014400
1476028800
1476043200
1476057600
1476072000
1476086400
1476100800
1476115200
1476129600
1476144000
1476158400
1476172800
1476187200
1476201600
1476216000
1476230400
1476244800
1476259200
1476273600
1476288000
1476302400
1476316800
1476331200
1476345600
1476360000
1476374400
1476388800
1476403200
1476417600
1476432000
1476446400
1476460800
1476475200
1476489600
1476504000
1476518400
1476532800
1476547200
1476561600
1476576000
1476590400
1476604800
1476619200
1476633600
1476648000
1476662400
1476676800
1476691200
1476705600
1476720000
1476734400
1476748800
1476763200
1476777600
1476792000
1476806400
1476820800
1476835200
1476849600
1476864000
1476878400
1476892800
1476907200
1476921600
1476936000
1476950400
1476964800
1476979200
1476993600
1477008000
1477022400
1477036800
1477051200
1477065600
1477080000
1477094400
1477108800
1477123200
1477137600
1477152000
1477166400
1477180800
1477195200
1477209600
1477224000
1477238400
1477252800
1477267200
1477281600
1477296000
1477310400
1477324800
1477339200
1477353600
1477368000
1477382400
1477396800
1477411200
1477425600
1477440000
1477454400
1477468800
1477483200
1477497600
1477512000
1477526400
1477540800
1477555200
1477569600
1477584000
1477598400
1477612800
1477627200
1477641600
1477656000
1477670400
1477684800
1477699200
1477713600
1477728000
1477742400
1477756800
1477771200
1477785600
1477800000
1477814400
1477828800
1477843200
1477857600
1477872000
1477886400
1477900800
1477915200
1477929600
1477944000
1477958400
1477972800
1477987200
1478001600
1478016000
1478030400
1478044800
1478059200
1478073600
1478088000
1478102400
1478116800
1478131200
1478145600
1478160000
1478174400
1478188800
1478203200
1478217600
1478232000
1478246400
1478260800
1478275200
1478289600
1478304000
1478318400
1478332800
1478347200
1478361600
1478376000
1478390400
1478404800
1478419200
1478433600
1478448000
1478462400
1478476800
1478491200
1478505600
1478520000
1478534400
1478548800
1478563200
1478577600
1478592000
1478606400
1478620800
1478635200
1478649600
1478664000
1478678400
1478692800
1478707200
1478721600
1478736000
1478750400
1478764800
1478779200
1478793600
1478808000
1478822400
1478836800
1478851200
1478865600
1478880000
1478894400
1478908800
1478923200
1478937600
1478952000
1478966400
1478980800
1478995200
1479009600
1479024000
1479038400
1479052800
1479067200
1479081600
1479096000
1479110400
1479124800
1479139200
1479153600
1479168000
1479182400
1479196800
1479211200
1479225600
1479240000
1479254400
1479268800
1479283200
1479297600
1479312000
1479326400
1479340800
1479355200
1479369600
1479384000
1479398400
1479412800
1479427200
1479441600
1479456000
1479470400
1479484800
1479499200
1479513600
1479528000
1479542400
1479556800
1479571200
1479585600
1479600000
1479614400
1479628800
1479643200
1479657600
1479672000
1479686400
1479700800
1479715200
1479729600
1479744000
1479758400
1479772800
1479787200
1479801600
1479816000
1479830400
1479844800
1479859200
1479873600
1479888000
1479902400
1479916800
1479931200
1479945600
1479960000
1479974400
1479988800
1480003200
1480017600
1480032000
1480046400
1480060800
1480075200
1480089600
1480104000
1480118400
1480132800
1480147200
1480161600
1480176000
1480190400
1480204800
1480219200
1480233600
1480248000
1480262400
1480276800
1480291200
1480305600
1480320000
1480334400
1480348800
1480363200
1480377600
1480392000
1480406400
1480420800
1480435200
1480449600
1480464000
1480478400
1480492800
1480507200
1480521600
1480536000
1480550400
1480564800
1480579200
1480593600
1480608000
1480622400
1480636800
1480651200
1480665600
1480680000
1480694400
1480708800
1480723200
1480737600
1480752000
1480766400
1480780800
1480795200
1480809600
1480824000
1480838400
1480852800
1480867200
1480881600
1480896000
1480910400
1480924800
1480939200
1480953600
1480968000
1480982400
1480996800
1481011200
1481025600
1481040000
1481054400
1481068800
1481083200
1481097600
1481112000
1481126400
1481140800
1481155200
1481169600
1481184000
1481198400
1481212800
1481227200
1481241600
1481256000
1481270400
1481284800
1481299200
1481313600
1481328000
1481342400
1481356800
1481371200
1481385600
1481400000
1481414400
1481428800
1481443200
1481457600
1481472000
1481486400
1481500800
1481515200
1481529600
1481544000
1481558400
1481572800
1481587200
1481601600
1481616000
1481630400
1481644800
1481659200
1481673600
1481688000
1481702400
1481716800
1481731200
1481745600
1481760000
1481774400
1481788800
1481803200
1481817600
1481832000
1481846400
1481860800
1481875200
1481889600
1481904000
1481918400
1481932800
1481947200
1481961600
1481976000
1481990400
1482004800
1482019200
1482033600
1482048000
1482062400
1482076800
1482091200
1482105600
1482120000
1482134400
1482148800
1482163200
1482177600
1482192000
1482206400
1482220800
1482235200
1482249600
1482264000
1482278400
1482292800
1482307200
1482321600
1482336000
1482350400
1482364800
1482379200
1482393600
1482408000
1482422400
1482436800
1482451200
1482465600
1482480000
1482494400
1482508800
1482523200
1482537600
1482552000
1482566400
1482580800
1482595200
1482609600
1482624000
1482638400
1482652800
1482667200
1482681600
1482696000
1482710400
1482724800
1482739200
1482753600
1482768000
1482782400
1482796800
1482811200
1482825600
1482840000
1482854400
1482868800
1482883200
1482897600
1482912000
1482926400
1482940800
1482955200
1482969600
1482984000
1482998400
1483012800
1483027200
1483041600
1483056000
1483070400
1483084800
1483099200
1483113600
1483128000
1483142400
1483156800
1483171200
1483185600
1483200000
1483214400
1483228800
1483243200
1483257600
1483272000
1483286400
1483300800
1483315200
1483329600
1483344000
1483358400
1483372800
1483387200
1483401600
1483416000
1483430400
1483444800
1483459200
1483473600
1483488000
1483502400
1483516800
1483531200
1483545600
1483560000
1483574400
1483588800
1483603200
1483617600
1483632000
1483646400
1483660800
1483675200
1483689600
1483704000
1483718400
1483732800
1483747200
1483761600
1483776000
1483790400
1483804800
1483819200
1483833600
1483848000
1483862400
1483876800
1483891200
1483905600
1483920000
1483934400
1483948800
1483963200
1483977600
1483992000
1484006400
1484020800
1484035200
1484049600
1484064000
1484078400
1484092800
1484107200
1484121600
1484136000
1484150400
1484164800
1484179200
1484193600
1484208000
1484222400
1484236800
1484251200
1484265600
1484280000
1484294400
1484308800
1484323200
1484337600
1484352000
1484366400
1484380800
1484395200
1484409600
1484424000
1484438400
1484452800
1484467200
1484481600
1484496000
1484510400
1484524800
1484539200
1484553600
1484568000
1484582400
1484596800
1484611200
1484625600
1484640000
1484654400
1484668800
1484683200
1484697600
1484712000
1484726400
1484740800
1484755200
1484769600
1484784000
1484798400
1484812800
1484827200
1484841600
1484856000
1484870400
1484884800
1484899200
1484913600
1484928000
1484942400
1484956800
1484971200
1484985600
1485000000
1485014400
1485028800
1485043200
1485057600
1485072000
1485086400
1485100800
1485115200
1485129600
1485144000
1485158400
1485172800
1485187200
1485201600
1485216000
1485230400
1485244800
1485259200
1485273600
1485288000
1485302400
1485316800
1485331200
1485345600
1485360000
1485374400
1485388800
1485403200
1485417600
1485432000
1485446400
1485460800
1485475200
1485489600
1485504000
1485518400
1485532800
1485547200
1485561600
1485576000
1485590400
1485604800
1485619200
1485633600
1485648000
1485662400
1485676800
1485691200
1485705600
1485720000
1485734400
1485748800
1485763200
1485777600
1485792000
1485806400
1485820800
1485835200
1485849600
1485864000
1485878400
1485892800
1485907200
1485921600
1485936000
1485950400
1485964800
1485979200
1485993600
1486008000
1486022400
1486036800
1486051200
1486065600
1486080000
1486094400
1486108800
1486123200
1486137600
1486152000
1486166400
1486180800
1486195200
1486209600
1486224000
1486238400
1486252800
1486267200
1486281600
1486296000
1486310400
1486324800
1486339200
1486353600
1486368000
1486382400
1486396800
1486411200
1486425600
1486440000
1486454400
1486468800
1486483200
1486497600
1486512000
1486526400
1486540800
1486555200
1486569600
1486584000
1486598400
1486612800
1486627200
1486641600
1486656000
1486670400
1486684800
1486699200
1486713600
1486728000
1486742400
1486756800
1486771200
1486785600
1486800000
1486814400
1486828800
1486843200
1486857600
1486872000
1486886400
1486900800
1486915200
1486929600
1486944000
1486958400
1486972800
1486987200
1487001600
1487016000
1487030400
1487044800
1487059200
1487073600
1487088000
1487102400
1487116800
1487131200
1487145600
1487160000
1487174400
1487188800
1487203200
1487217600
1487232000
1487246400
1487260800
1487275200
1487289600
1487304000
1487318400
1487332800
1487347200
1487361600
1487376000
1487390400
1487404800
1487419200
1487433600
1487448000
1487462400
1487476800
1487491200
1487505600
1487520000
1487534400
1487548800
1487563200
1487577600
1487592000
1487606400
1487620800
1487635200
1487649600
1487664000
1487678400
1487692800
1487707200
1487721600
1487736000
1487750400
1487764800
1487779200
1487793600
1487808000
1487822400
1487836800
1487851200
1487865600
1487880000
1487894400
1487908800
1487923200
1487937600
1487952000
1487966400
1487980800
1487995200
1488009600
1488024000
1488038400
1488052800
1488067200
1488081600
1488096000
1488110400
1488124800
1488139200
1488153600
1488168000
1488182400
1488196800
1488211200
1488225600
1488240000
1488254400
1488268800
1488283200
1488297600
1488326400
1488340800
1488355200
1488369600
1488384000
1488398400
1488412800
1488427200
1488441600
1488456000
1488470400
1488484800
1488499200
1488513600
1488528000
1488542400
1488556800
1488571200
1488585600
1488600000
1488614400
1488628800
1488643200
1488657600
1488672000
1488686400
1488700800
1488715200
1488729600
1488744000
1488758400
1488772800
1488787200
1488801600
1488816000
1488830400
1488844800
1488859200
1488873600
1488888000
1488902400
1488916800
1488931200
1488945600
1488960000
1488974400
1488988800
1489003200
1489017600
1489032000
1489046400
1489060800
1489075200
1489089600
1489104000
1489118400
1489132800
1489147200
1489161600
1489176000
1489190400
1489204800
1489219200
1489233600
1489248000
1489262400
1489276800
1489291200
1489305600
1489320000
1489334400
1489348800
1489363200
1489377600
1489392000
1489406400
1489420800
1489435200
1489449600
1489464000
1489478400
1489492800
1489507200
1489521600
1489536000
1489550400
1489564800
1489579200
1489593600
1489608000
1489622400
1489636800
1489651200
1489665600
1489680000
1489694400
1489708800
1489723200
1489737600
1489752000
1489766400
1489780800
1489795200
1489809600
1489824000
1489838400
1489852800
1489867200
1489881600
1489896000
1489910400
1489924800
1489939200
1489953600
1489968000
1489982400
1489996800
1490011200
1490025600
1490040000
1490054400
1490068800
1490083200
1490097600
1490112000
1490126400
1490140800
1490155200
1490169600
1490184000
1490198400
1490212800
1490227200
1490241600
1490256000
1490270400
1490284800
1490299200
1490313600
1490328000
1490342400
1490356800
1490371200
1490385600
1490400000
1490414400
1490428800
1490443200
1490457600
1490472000
1490486400
1490500800
1490515200
1490529600
1490544000
1490558400
1490572800
1490587200
1490601600
1490616000
1490630400
1490644800
1490659200
1490673600
1490688000
1490702400
1490716800
1490731200
1490745600
1490760000
1490774400
1490788800
1490803200
1490817600
1490832000
1490846400
1490860800
1490875200
1490889600
1490904000
1490918400
1490932800
1490947200
1490961600
1490976000
1490990400
1491004800
1491019200
1491033600
1491048000
1491062400
1491076800
1491091200
1491105600
1491120000
1491134400
1491148800
1491163200
1491177600
1491192000
1491206400
1491220800
1491235200
1491249600
1491264000
1491278400
1491292800
1491307200
1491321600
1491336000
1491350400
1491364800
1491379200
1491393600
1491408000
1491422400
1491436800
1491451200
1491465600
1491480000
1491494400
1491508800
1491523200
1491537600
1491552000
1491566400
1491580800
1491595200
1491609600
1491624000
1491638400
1491652800
1491667200
1491681600
1491696000
1491710400
1491724800
1491739200
1491753600
1491768000
1491782400
1491796800
1491811200
1491825600
1491840000
1491854400
1491868800
1491883200
1491897600
1491912000
1491926400
1491940800
1491955200
1491969600
1491984000
1491998400
1492012800
1492027200
1492041600
1492056000
1492070400
1492084800
1492099200
1492113600
1492128000
1492142400
1492156800
1492171200
1492185600
1492200000
1492214400
1492228800
1492243200
1492257600
1492272000
1492286400
1492300800
1492315200
1492329600
1492344000
1492358400
1492372800
1492387200
1492401600
1492416000
1492430400
1492444800
1492459200
1492473600
1492488000
1492502400
1492516800
1492531200
1492545600
1492560000
1492574400
1492588800
1492603200
1492617600
1492632000
1492646400
1492660800
1492675200
1492689600
1492704000
1492718400
1492732800
1492747200
1492761600
1492776000
1492790400
1492804800
1492819200
1492833600
1492848000
1492862400
1492876800
1492891200
1492905600
1492920000
1492934400
1492948800
1492963200
1492977600
1492992000
1493006400
1493020800
1493035200
1493049600
1493064000
1493078400
1493092800
1493107200
1493121600
1493136000
1493150400
1493164800
1493179200
1493193600
1493208000
1493222400
1493236800
1493251200
1493265600
1493280000
1493294400
1493308800
1493323200
1493337600
1493352000
1493366400
1493380800
1493395200
1493409600
1493424000
1493438400
1493452800
1493467200
1493481600
1493496000
1493510400
1493524800
1493539200
1493553600
1493568000
1493582400
1493596800
1493611200
1493625600
1493640000
1493654400
1493668800
1493683200
1493697600
1493712000
1493726400
1493740800
1493755200
1493769600
1493784000
1493798400
1493812800
1493827200
1493841600
1493856000
1493870400
1493884800
1493899200
1493913600
1493928000
1493942400
1493956800
1493971200
1493985600
1494000000
1494014400
1494028800
1494043200
1494057600
1494072000
1494086400
1494100800
1494115200
1494129600
1494144000
1494158400
1494172800
1494187200
1494201600
1494216000
1494230400
1494244800
1494259200
1494273600
1494288000
1494302400
1494316800
1494331200
1494345600
1494360000
1494374400
1494388800
1494403200
1494417600
1494432000
1494446400
1494460800
1494475200
1494489600
1494504000
1494518400
1494532800
1494547200
1494561600
1494576000
1494590400
1494604800
1494619200
1494633600
1494648000
1494662400
1494676800
1494691200
1494705600
1494720000
1494734400
1494748800
1494763200
1494777600
1494792000
1494806400
1494820800
1494835200
1494849600
1494864000
1494878400
1494892800
1494907200
1494921600
1494936000
1494950400
1494964800
1494979200
1494993600
1495008000
1495022400
1495036800
1495051200
1495065600
1495080000
1495094400
1495108800
1495123200
1495137600
1495152000
1495166400
1495180800
1495195200
1495209600
1495224000
1495238400
1495252800
1495267200
1495281600
1495296000
1495310400
1495324800
1495339200
1495353600
1495368000
1495382400
1495396800
1495411200
1495425600
1495440000
1495454400
1495468800
1495483200
1495497600
1495512000
1495526400
1495540800
1495555200
1495569600
1495584000
1495598400
1495612800
1495627200
1495641600
1495656000
1495670400
1495684800
1495699200
1495713600
1495728000
1495742400
1495756800
1495771200
1495785600
1495800000
1495814400
1495828800
1495843200
1495857600
1495872000
1495886400
1495900800
1495915200
1495929600
1495944000
1495958400
1495972800
1495987200
1496001600
1496016000
1496030400
1496044800
1496059200
1496073600
1496088000
1496102400
1496116800
1496131200
1496145600
1496160000
1496174400
1496188800
1496203200
1496217600
1496232000
1496246400
1496260800
1496275200
1496289600
1496304000
1496318400
1496332800
1496347200
1496361600
1496376000
1496390400
1496404800
1496419200
1496433600
1496448000
1496462400
1496476800
1496491200
1496505600
1496520000
1496534400
1496548800
1496563200
1496577600
1496592000
1496606400
1496620800
1496635200
1496649600
1496664000
1496678400
1496692800
1496707200
1496721600
1496736000
1496750400
1496764800
1496779200
1496793600
1496808000
1496822400
1496836800
1496851200
1496865600
1496880000
1496894400
1496908800
1496923200
1496937600
1496952000
1496966400
1496980800
1496995200
1497009600
1497024000
1497038400
1497052800
1497067200
1497081600
1497096000
1497110400
1497124800
1497139200
1497153600
1497168000
1497182400
1497196800
1497211200
1497225600
1497240000
1497254400
1497268800
1497283200
1497297600
1497312000
1497326400
1497340800
1497355200
1497369600
1497384000
1497398400
1497412800
1497427200
1497441600
1497456000
1497470400
1497484800
1497499200
1497513600
1497528000
1497542400
1497556800
1497571200
1497585600
1497600000
1497614400
1497628800
1497643200
1497657600
1497672000
1497686400
1497700800
1497715200
1497729600
1497744000
1497758400
1497772800
1497787200
1497801600
1497816000
1497830400
1497844800
1497859200
1497873600
1497888000
1497902400
1497916800
1497931200
1497945600
1497960000
1497974400
1497988800
1498003200
1498017600
1498032000
1498046400
1498060800
1498075200
1498089600
1498104000
1498118400
1498132800
1498147200
1498161600
1498176000
1498190400
1498204800
1498219200
1498233600
1498248000
1498262400
1498276800
1498291200
1498305600
1498320000
1498334400
1498348800
1498363200
1498377600
1498392000
1498406400
1498420800
1498435200
1498449600
1498464000
1498478400
1498492800
1498507200
1498521600
1498536000
1498550400
1498564800
1498579200
1498593600
1498608000
1498622400
1498636800
1498651200
1498665600
1498680000
1498694400
1498708800
1498723200
1498737600
1498752000
1498766400
1498780800
1498795200
1498809600
1498824000
1498838400
1498852800
1498867200
1498881600
1498896000
1498910400
1498924800
1498939200
1498953600
1498968000
1498982400
1498996800
1499011200
1499025600
1499040000
1499054400
1499068800
1499083200
1499097600
1499112000
1499126400
1499140800
1499155200
1499169600
1499184000
1499198400
1499212800
1499227200
1499241600
1499256000
1499270400
1499284800
1499299200
1499313600
1499328000
1499342400
1499356800
1499371200
1499385600
1499400000
1499414400
1499428800
1499443200
1499457600
1499472000
1499486400
1499500800
1499515200
1499529600
1499544000
1499558400
1499572800
1499587200
1499601600
1499616000
1499630400
1499644800
1499659200
1499673600
1499688000
1499702400
1499716800
1499731200
1499745600
1499760000
1499774400
1499788800
1499803200
1499817600
1499832000
1499846400
1499860800
1499875200
1499889600
1499904000
1499918400
1499932800
1499947200
1499961600
1499976000
1499990400
1500004800
1500019200
1500033600
1500048000
1500062400
1500076800
1500091200
1500105600
1500120000
1500134400
1500148800
1500163200
1500177600
1500192000
1500206400
1500220800
1500235200
1500249600
1500264000
1500278400
1500292800
1500307200
1500321600
1500336000
1500350400
1500364800
1500379200
1500393600
1500408000
1500422400
1500436800
1500451200
1500465600
1500480000
1500494400
1500508800
1500523200
1500537600
1500552000
1500566400
1500580800
1500595200
1500609600
1500624000
1500638400
1500652800
1500667200
1500681600
1500696000
1500710400
1500724800
1500739200
1500753600
1500768000
1500782400
1500796800