1420675200
1421107200
1421193600
1421280000
1421366400
1421452800
1421625600
1421712000
1421798400
1421884800
1421971200
1422057600
1422144000
1422230400
1422316800
1422403200
1422489600
1422576000
1422662400
1422748800
1422835200
1422921600
1423008000
1423094400
1423180800
1423267200
1423353600
1423440000
1423526400
1423612800
1423699200
1423785600
1423872000
1423958400
1424044800
1424131200
1424217600
1424304000
1424390400
1424476800
1424563200
1424649600
1424736000
1424822400
1424908800
1424995200
1425081600
1425168000
1425254400
1425340800
1425427200
1425513600
1425600000
1425686400
1425772800
1425859200
1425945600
1426032000
1426118400
1426204800
1426291200
1426377600
1426464000
1426550400
1426636800
1426723200
1426809600
1426896000
1426982400
1427068800
1427155200
1427241600
1427328000
1427414400
1427500800
1427587200
1427673600
1427760000
1427846400
1427932800
1428019200
1428105600
1428192000
1428278400
1428364800
1428451200
1428537600
1428624000
1428710400
1428796800
1428883200
1428969600
1429056000
1429142400
1429228800
1429315200
1429401600
1429488000
1429574400
1429660800
1429747200
1429833600
1429920000
1430006400
1430092800
1430179200
1430265600
1430352000
1430438400
1430524800
1430611200
1430697600
1430784000
1430870400
1430956800
1431043200
1431129600
1431216000
1431302400
1431388800
1431475200
1431561600
1431648000
1431734400
1431820800
1431907200
1431993600
1432080000
1432166400
1432252800
1432339200
1432425600
1432512000
1432598400
1432684800
1432771200
1432857600
1432944000
1433030400
1433116800
1433203200
1433289600
1433376000
1433462400
1433548800
1433635200
1433721600
1433808000
1433894400
1433980800
1434067200
1434153600
1434240000
1434326400
1434412800
1434499200
1434585600
1434672000
1434758400
1434844800
1434931200
1435017600
1435104000
1435190400
1435276800
1435363200
1435449600
1435536000
1435622400
1435708800
1435795200
1435881600
1435968000
1436054400
1436140800
1436227200
1436313600
1436400000
1436486400
1436572800
1436659200
1436745600
1436832000
1436918400
1437004800
1437091200
1437177600
1437264000
1437350400
1437436800
1437523200
1437609600
1437696000
1437782400
1437868800
1437955200
1438041600
1438128000
1438214400
1438300800
1438387200
1438473600
1438560000
1438646400
1438732800
1438819200
1438905600
1438992000
1439078400
1439164800
1439251200
1439337600
1439424000
1439510400
1439596800
1439683200
1439769600
1439856000
1439942400
1440028800
1440115200
1440201600
1440288000
1440374400
1440460800
1440547200
1440633600
1440720000
1440806400
1440892800
1440979200
1441065600
1441152000
1441238400
1441324800
1441411200
1441497600
1441584000
1441670400
1441756800
1441843200
1441929600
1442016000
1442102400
1442188800
1442275200
1442361600
1442448000
1442534400
1442620800
1442707200
1442793600
1442880000
1442966400
1443052800
1443139200
1443225600
1443312000
1443398400
1443484800
1443571200
1443657600
1443744000
1443830400
1443916800
1444003200
1444089600
1444176000
1444262400
1444348800
1444435200
1444521600
1444608000
1444694400
1444780800
1444867200
1444953600
1445040000
1445126400
1445212800
1445299200
1445385600
1445472000
1445558400
1445644800
1445731200
1445817600
1445904000
1445990400
1446076800
1446163200
1446249600
1446336000
1446422400
1446508800
1446595200
1446681600
1446768000
1446854400
1446940800
1447027200
1447113600
1447200000
1447286400
1447372800
1447459200
1447545600
1447632000
1447718400
1447804800
1447891200
1447977600
1448064000
1448150400
1448236800
1448323200
1448409600
1448496000
1448582400
1448668800
1448755200
1448841600
1448928000
1449014400
1449100800
1449187200
1449273600
1449360000
1449446400
1449532800
1449619200
1449705600
1449792000
1449878400
1449964800
1450051200
1450137600
1450224000
1450310400
1450396800
1450483200
1450569600
1450656000
1450742400
1450828800
1450915200
1451001600
1451088000
1451174400
1451260800
1451347200
1451433600
1451520000
1451606400
1451692800
1451779200
1451865600
1451952000
1452038400
1452124800
1452211200
1452297600
1452384000
1452470400
1452556800
1452643200
1452729600
1452816000
1452902400
1452988800
1453075200
1453161600
1453248000
1453334400
1453420800
1453507200
1453593600
1453680000
1453766400
1453852800
1453939200
1454025600
1454112000
1454198400
1454284800
1454371200
1454457600
1454544000
1454630400
1454716800
1454803200
1454889600
1454976000
1455062400
1455148800
1455235200
1455321600
1455408000
1455494400
1455580800
1455667200
1455753600
1455840000
1455926400
1456012800
1456099200
1456185600
1456272000
1456358400
1456444800
1456531200
1456617600
1456704000
1456790400
1456876800
1456963200
1457049600
1457136000
1457222400
1457308800
1457395200
1457481600
1457568000
1457654400
1457740800
1457827200
1457913600
1458000000
1458086400
1458172800
1458259200
1458345600
1458432000
1458518400
1458604800
1458691200
1458777600
1458864000
1458950400
1459036800
1459123200
1459209600
1459296000
1459382400
1459468800
1459555200
1459641600
1459728000
1459814400
1459900800
1459987200
1460073600
1460160000
1460246400
1460332800
1460419200
1460505600
1460592000
1460678400
1460764800
1460851200
1460937600
1461024000
1461110400
1461196800
1461283200
1461369600
1461456000
1461542400
1461628800
1461715200
1461801600
1461888000
1461974400
1462060800
1462147200
1462233600
1462320000
1462406400
1462492800
1462579200
1462665600
1462752000
1462838400
1462924800
1463011200
1463097600
1463184000
1463270400
1463356800
1463443200
1463529600
1463616000
1463702400
1463788800
1463875200
1463961600
1464048000
1464134400
1464220800
1464307200
1464393600
1464480000
1464566400
1464652800
1464739200
1464825600
1464912000
1464998400
1465084800
1465171200
1465257600
1465344000
1465430400
1465516800
1465603200
1465689600
1465776000
1465862400
1465948800
1466035200
1466121600
1466208000
1466294400
1466380800
1466467200
1466553600
1466640000
1466726400
1466812800
1466899200
1466985600
1467072000
1467158400
1467244800
1467331200
1467417600
1467504000
1467590400
1467676800
1467763200
1467849600
1467936000
1468022400
1468108800
1468195200
1468281600
1468368000
1468454400
1468540800
1468627200
1468713600
1468800000
1468886400
1468972800
1469059200
1469145600
1469232000
1469318400
1469404800
1469491200
1469577600
1469664000
1469750400
1469836800
1469923200
1470009600
1470096000
1470182400
1470268800
1470355200
1470441600
1470528000
1470614400
1470700800
1470787200
1470873600
1470960000
1471046400
1471132800
1471219200
1471305600
1471392000
1471478400
1471564800
1471651200
1471737600
1471824000
1471910400
1471996800
1472083200
1472169600
1472256000
1472342400
1472428800
1472515200
1472601600
1472688000
1472774400
1472860800
1472947200
1473033600
1473120000
1473206400
1473292800
1473379200
1473465600
1473552000
1473638400
1473724800
1473811200
1473897600
1473984000
1474070400
1474156800
1474243200
1474329600
1474416000
1474502400
1474588800
1474675200
1474761600
1474848000
1474934400
1475020800
1475107200
1475193600
1475280000
1475366400
1475452800
1475539200
1475625600
1475712000
1475798400
1475884800
1475971200
1476057600
1476144000
1476230400
1476316800
1476403200
1476489600
1476576000
1476662400
1476748800
1476835200
1476921600
1477008000
1477094400
1477180800
1477267200
1477353600
1477440000
1477526400
1477612800
1477699200
1477785600
1477872000
1477958400
1478044800
1478131200
1478217600
1478304000
1478390400
1478476800
1478563200
1478649600
1478736000
1478822400
1478908800
1478995200
1479081600
1479168000
1479254400
1479340800
1479427200
1479513600
1479600000
1479686400
1479772800
1479859200
1479945600
1480032000
1480118400
1480204800
1480291200
1480377600
1480464000
1480550400
1480636800
1480723200
1480809600
1480896000
1480982400
1481068800
1481155200
1481241600
1481328000
1481414400
1481500800
1481587200
1481673600
1481760000
1481846400
1481932800
1482019200
1482105600
1482192000
1482278400
1482364800
1482451200
1482537600
1482624000
1482710400
1482796800
1482883200
1482969600
1483056000
1483142400
1483228800
1483315200
1483401600
1483488000
1483574400
1483660800
1483747200
1483833600
1483920000
1484006400
1484092800
1484179200
1484265600
1484352000
1484438400
1484524800
1484611200
1484697600
1484784000
1484870400
1484956800
1485043200
1485129600
1485216000
1485302400
1485388800
1485475200
1485561600
1485648000
1485734400
1485820800
1485907200
1485993600
1486080000
1486166400
1486252800
1486339200
1486425600
1486512000
1486598400
1486684800
1486771200
1486857600
1486944000
1487030400
1487116800
1487203200
1487289600
1487376000
1487462400
1487548800
1487635200
1487721600
1487808000
1487894400
1487980800
1488067200
1488153600
1488240000
1488326400
1488412800
1488499200
1488585600
1488672000
1488758400
1488844800
1488931200
1489017600
1489104000
1489190400
1489276800
1489363200
1489449600
1489536000
1489622400
1489708800
1489795200
1489881600
1489968000
1490054400
1490140800
1490227200
1490313600
1490400000
1490486400
1490572800
1490659200
1490745600
1490832000
1490918400
1491004800
1491091200
1491177600
1491264000
1491350400
1491436800
1491523200
1491609600
1491696000
1491782400
1491868800
1491955200
1492041600
1492128000
1492214400
1492300800
1492387200
1492473600
1492560000
1492646400
1492732800
1492819200
1492905600
1492992000
1493078400
1493164800
1493251200
1493337600
1493424000
1493510400
1493596800
1493683200
1493769600
1493856000
1493942400
1494028800
1494115200
1494201600
1494288000
1494374400
1494460800
1494547200
1494633600
1494720000
1494806400
1494892800
1494979200
1495065600
1495152000
1495238400
1495324800
1495411200
1495497600
1495584000
1495670400
1495756800
1495843200
1495929600
1496016000
1496102400
1496188800
1496275200
1496361600
1496448000
1496534400
1496620800
1496707200
1496793600
1496880000
1496966400
1497052800
1497139200
1497225600
1497312000
1497398400
1497484800
1497571200
1497657600
1497744000
1497830400
1497916800
1498003200
1498089600
1498176000
1498262400
1498348800
1498435200
1498521600
1498608000
1498694400
1498780800
1498867200
1498953600
1499040000
1499126400
1499212800
1499299200
1499385600
1499472000
1499558400
1499644800
1499731200
1499817600
1499904000
1499990400
1500076800
1500163200
1500249600
1500336000
1500422400
1500508800
1500595200
1500681600